   101  5
   103  7
   104  5
   105  6
   106  8
   107 16
   108  5
   109  8
   110  6
   111  4
   112  6
   113  3
   114  5
   115  4
   116  3
   117  9
   118  6
   119  9
   120  4
   121  2
   123  5
   124  6
   125  4
   126  2
   127  8
   129  6
   130  6
   131  4
   132  4
   133  1
   134  6
   135  2
   136  6
   137  6
   138  2
   139  4
   140  3
   141  4
   142  3
   143  3
   144  3
   145  2
   146  3
   147  1
   148  2
   149  7
   150  7
   151  6
   152  4
   153  2
   154  3
   155  2
   156  1
   157  2
   158  3
   159  2
   160  4
   161  5
   162  2
   163  5
   164  2
   165  3
   166  4
   167  1
   168  4
   169  1
   170  4
   171  2
   172  1
   173  4
   174  3
   175  6
   176  1
   177  4
   178  4
   179  7
   180  4
   181  3
   182  1
   183  3
   184  2
   185  1
   186  3
   187  4
   188  3
   189  1
   190  6
   191  3
   193  4
   194  1
   195  3
   196  1
   197  4
   198  2
   199  1
   200  2
   201  4
   202  1
   203  1
   204  2
   205  3
   206  1
   207  6
   208  2
   209  2
   210  2
   213  2
   214  2
   215  3
   217  1
   218  3
   219  2
   220  2
   222  4
   223  1
   224  1
   225  6
   226  5
   227  2
   228  3
   230  3
   231  1
   234  1
   235  1
   236  1
   237  1
   238  1
   240  5
   241  1
   242  2
   243  2
   244  2
   248  3
   249  2
   251  3
   252  2
   253  1
   254  3
   255  1
   257  2
   258  1
   259  2
   260  2
   261  2
   262  2
   263  2
   265  3
   266  1
   267  2
   269  2
   270  2
   271  1
   273  1
   275  2
   277  1
   278  3
   282  2
   283  1
   285  2
   286  1
   289  1
   291  2
   294  1
   298  1
   299  1
   200  4
   301  2
   303  1
   305  4
   306  1
   310  1
   311  1
   313  1
   314  2
   315  2
   317  3
   319  1
   320  1
   327  1
   328  3
   329  1
   330  2
   331  1
   335  2
   336  2
   337  2
   339  2
   341  1
   342  1
   343  2
   344  1
   345  1
   346  5
   348  1
   349  1
   350  2
   352  1
   353  1
   354  2
   362  3
   365  2
   366  2
   367  1
   369  2
   371  1
   372  1
   378  2
   379  1
   380  1
   381  1
   382  1
   383  1
   385  1
   386  1
   387  1
   391  1
   394  1
   395  2
   397  1
   399  1
   402  1
   405  1
   409  1
   413  1
   414  2
   421  2
   429  1
   434  1
   436  1
   442  2
   444  1
   445  2
   446  1
   447  1
   448  2
   452  1
   455  1
   460  1
   462  1
   466  1
   469  1
   470  1
   474  1
   476  1
   478  2
   479  1
   482  1
   483  2
   484  1
   489  1
   491  1
   493  1
   494  1
   495  1
   497  1
   506  1
   509  1
   512  1
   515  1
   519  1
   521  1
   522  1
   524  1
   526  1
   536  1
   545  1
   556  1
   560  2
   566  2
   575  1
   581  1
   583  1
   592  1
   599  1
   601  2
   604  1
   605  1
   608  1
   613  1
   615  1
   617  1
   619  1
   621  1
   622  1
   623  1
   630  1
   634  1
   635  1
   638  1
   639  1
   647  1
   654  1
   655  1
   657  1
   665  1
   670  1
   671  1
   672  1
   679  1
   681  2
   686  2
   687  2
   691  1
   694  1
   696  1
   697  1
   698  1
   710  1
   738  1
   745  1
   760  1
   766  1
   778  1
   785  1
   789  1
   793  1
   796  1
   815  1
   816  1
   819  1
   839  1
   841  1
   844  1
   849  1
   873  1
   876  1
   879  1
   881  1
   883  1
   884  1
   892  1
   910  1
   916  1
   921  1
   929  1
   946  1
  1003  1
  1046  1
  1066  1
  1072  1
  1085  1
  1102  1
  1114  1
  1118  1
  1133  1
  1139  1
  1199  1
  1219  1
  1247  1
  1270  1
  1309  1
  1322  1
  1338  1
  1344  1
  1397  1
  1399  1
  1400  1
  1405  1
  1410  1
  1417  1
  1508  1
  1522  1
  1533  1
  1536  1
  1543  1
  1555  1
  1628  1
  1691  1
  1698  1
  1735  1
  1744  1
  1751  1
  1756  1
  1757  1
  1774  1
  1786  1
  1792  1
  1832  1
  1861  1
  1879  1
  1895  1
  1909  1
  1932  1
  2006  1
  2046  1
  2054  1
  2219  1
  2223  1
  2230  1
  2259  1
  2274  1
  2282  1
  2284  1
  2309  1
  2341  1
  2416  1
  2434  1
  2475  1
  2476  1
  2535  1
  2574  1
  2577  1
  2581  1
  2591  1
  2606  1
  2686  1
  2705  1
  2807  1
  2960  1
  3002  1
  3125  1
  3264  1
  3384  1
  3530  1
  3691  1
  3765  1
  3849  1
  3964  1
  3981  1
  3997  1
  4032  1
  4291  1
  4444  1
  4793  1
  5259  1
  5389  1
  5410  1
  5800  1
  6090  1
  6229  1
  6655  1
  6683  1
  7003  1
  7074  1
  7210  1
  7335  1
  7834  1
  8052  1
  8100  1
  8218  1
  8992  1
  9603  1
 11511  1
 11725  1
 13075  1
 14326  1
 14675  1
 17079  1
 19938  1
 21206  1
 26285  1
 27457  1
